,date,region,age,income,transactions,spend,ln_spend,ln_income,ln_transactions,spend/income
0,2021-02-01,West,37.6,28086.81,4,73.35,4.308783672906164,10.243090953370817,1.6094379124341003,0.002611546131440345
1,2021-02-02,North,43.0,33034.75,1,52.37,3.9772487903458535,10.405345587399855,0.6931471805599453,0.0015853003276852405
2,2021-02-03,South,38.2,50045.39,2,131.85,4.8892206722058225,10.820705654269899,1.0986122886681098,0.002634608302582915
3,2021-02-04,South,24.9,39467.28,4,147.58,5.001123533723661,10.583252590306813,1.6094379124341003,0.003739299997364906
4,2021-02-05,South,59.8,31201.65,1,86.76,4.474605815966975,10.34825830608816,0.6931471805599453,0.0027806221786347836
5,2021-02-06,East,38.8,43687.96,5,156.58,5.059933265817542,10.684850717588,1.791759469228055,0.003584053821693666
6,2021-02-07,North,40.9,,5,187.93,5.2413765760852264,,1.791759469228055,
7,2021-02-08,West,50.6,29770.85,4,75.47,4.336898507056134,10.301318595176097,1.6094379124341003,0.0025350300713617518
8,2021-02-09,North,40.9,25329.6,2,134.59,4.909635626474218,10.13976843004246,1.0986122886681098,0.005313546206809425
9,2021-02-10,West,41.7,41422.99,1,40.18,3.717952701599643,10.63161546058534,0.6931471805599453,0.0009699927504026146
10,2021-02-11,North,43.4,30780.29,1,59.03,4.094844437263752,10.33466231684604,0.6931471805599453,0.0019177856998748226
11,2021-02-12,South,30.8,35944.56,2,113.23,4.738213959745856,10.489760850653967,1.0986122886681098,0.003150128976401436
12,2021-02-13,South,52.2,33739.04,4,26.09,3.2991646560970036,10.426440541635712,1.6094379124341003,0.0007732881552053644
13,2021-02-14,North,42.9,30564.27,5,178.93,5.192567886364428,10.32761967605705,1.791759469228055,0.005854221285180376
14,2021-02-15,South,35.1,39386.15,7,174.84,5.169574490655311,10.581194899958135,2.0794415416798357,0.004439123905230645
15,2021-02-16,West,47.4,42209.35,2,69.18,4.2510633701550695,10.65042073061613,1.0986122886681098,0.0016389733554295436
16,2021-02-17,East,42.9,28666.03,3,104.3,4.6568134191399295,10.26350296090582,1.3862943611198906,0.003638452900523721
17,2021-02-18,West,32.4,53529.22,5,185.03,5.225907951029896,10.888001633223928,1.791759469228055,0.003456616778649119
18,2021-02-19,North,41.2,59120.91,3,153.41,5.039611402332773,10.987356862272073,1.3862943611198906,0.0025948518045476633
19,2021-02-20,South,40.0,37329.88,1,132.3,4.892602227184663,10.52757614516413,0.6931471805599453,0.0035440778271990164
20,2021-02-21,South,42.7,41712.24,2,85.59,4.46118433545971,10.638573863387736,1.0986122886681098,0.0020519156966875914
21,2021-02-22,South,43.0,61985.58,6,184.23,5.221598296134632,11.034673188985295,1.9459101490553132,0.0029721428758107933
22,2021-02-23,West,45.7,26687.8,3,19.84,3.0368742168851663,10.191999280728385,1.3862943611198906,0.0007434108469038288
23,2021-02-24,South,30.4,28532.18,5,155.28,5.05164927018687,10.25882289961551,1.791759469228055,0.005442276054616227
24,2021-02-25,East,40.0,35085.29,7,237.35,5.473740181650835,10.465565734859977,2.0794415416798357,0.006764943370854281
25,2021-02-26,West,32.6,38781.1,3,141.18,4.957093860501337,10.565714078955045,1.3862943611198906,0.003640433097565567
26,2021-02-27,East,44.0,47156.26,0,21.86,3.1293886583666644,10.761243252878614,0.0,0.00046356517671248735
27,2021-02-28,East,29.3,42147.1,4,,,10.648944885308422,1.6094379124341003,
28,2021-03-01,East,22.5,22407.02,2,22.85,3.1717842173343502,10.017174209477925,1.0986122886681098,0.0010197696971752602
29,2021-03-02,South,36.5,53831.96,5,212.13,5.361902308173147,10.893641197968172,1.791759469228055,0.003940595883932147
30,2021-03-03,North,60.4,56388.63,5,232.01,5.451081371099666,10.940040555332637,1.791759469228055,0.004114481944321045
31,2021-03-04,South,49.2,29340.75,1,52.61,3.9817356178394463,10.286766695453354,0.6931471805599453,0.0017930693659841688
32,2021-03-05,West,40.7,46011.76,2,82.96,4.430340494952432,10.736674028309725,1.0986122886681098,0.0018030173155732358
33,2021-03-06,North,59.9,32278.21,0,35.12,3.5868467285487844,10.382178648726292,0.0,0.0010880405078224598
34,2021-03-07,South,38.4,34449.47,2,31.76,3.4892082589848687,10.447277919309553,1.0986122886681098,0.000921930003567544
35,2021-03-08,South,38.5,31782.02,3,120.7,4.801558999993482,10.3666874638955,1.3862943611198906,0.0037977447626047684
36,2021-03-09,West,46.8,62463.07,2,124.05,4.828713657323628,11.042346790417628,1.0986122886681098,0.0019859734720051384
37,2021-03-10,West,42.5,30059.11,0,124.0,4.8283137373023015,10.310954322648241,0.0,0.004125205303816381
38,2021-03-11,East,39.4,38444.33,4,109.98,4.709350004897755,10.556992511120429,1.6094379124341003,0.00286075996122185
39,2021-03-12,South,36.2,45999.27,6,185.9,5.230573714461517,10.736402545019224,1.9459101490553132,0.004041368482586789
40,2021-03-13,East,39.5,30060.89,6,207.91,5.341903537210958,10.31101353558196,1.9459101490553132,0.006916295558780861
41,2021-03-14,East,48.4,36131.38,5,153.34,5.039157961029457,10.494944695207678,1.791759469228055,0.004243956361478582
42,2021-03-15,East,29.5,37807.56,1,42.62,3.775515760773483,10.540290810997066,0.6931471805599453,0.0011272877699592357
43,2021-03-16,South,34.7,65102.43,1,165.67,5.116015809554085,11.083732514980731,0.6931471805599453,0.0025447590819574627
44,2021-03-17,South,50.7,26625.85,5,170.55,5.144874769304459,10.18967538416593,1.791759469228055,0.0064054293102379836
45,2021-03-18,South,60.3,39174.42,5,167.03,5.124142534889851,10.575804788289917,1.791759469228055,0.004263751703279845
46,2021-03-19,East,25.3,41899.63,6,144.08,4.977285314414702,10.643056141596714,1.9459101490553132,0.0034386938500411586
47,2021-03-20,South,43.2,36214.21,4,118.15,4.780383203544751,10.497234475314809,1.6094379124341003,0.003262531475904072
48,2021-03-21,West,53.1,59240.04,1,66.56,4.2130160919396,10.98936982393324,0.6931471805599453,0.0011235644000240378
49,2021-03-22,West,38.2,39332.52,2,56.98,4.06009812349351,10.579832360531142,1.0986122886681098,0.0014486740234289591
50,2021-03-23,North,35.4,34535.88,3,126.38,4.84717474494322,10.449783017568551,1.3862943611198906,0.0036593826478433446
51,2021-03-24,West,49.9,50463.34,20,167.16,5.124915907128641,10.829022227216289,3.044522437723423,0.0033125036907981124
52,2021-03-25,West,35.6,57676.63,8,280.05,5.638532589448084,10.96262468234906,2.1972245773362196,0.004855519471231242
53,2021-03-26,West,34.2,30570.72,1,116.6,4.767289035464526,10.32783067761352,0.6931471805599453,0.003814107093323284
54,2021-03-27,East,35.4,51319.38,4,150.87,5.023024891742178,10.845843223222815,1.6094379124341003,0.00293982507193189
55,2021-03-28,West,28.9,48954.82,0,8.84,2.286455711064162,10.798673537724492,0.0,0.00018057466047265622
56,2021-03-29,North,22.0,39084.35,4,170.33,5.143591521344882,10.573502995456348,1.6094379124341003,0.004358010303356715
57,2021-03-30,South,49.2,31194.17,3,127.66,4.857173265982854,10.34801855412132,1.3862943611198906,0.004092431374195883
58,2021-03-31,South,53.5,51712.11,4,134.14,4.906311278124028,10.853466606687526,1.6094379124341003,0.0025939765366371627
59,2021-04-01,North,41.8,48238.36,2,122.29,4.814539303880461,10.783930564314717,1.0986122886681098,0.002535119353145505
60,2021-04-02,North,38.4,29900.82,3,131.09,4.883483508435773,10.305674627091518,1.3862943611198906,0.004384160701947305
61,2021-04-03,North,44.0,34212.69,2,120.16,4.797111986159036,10.440381135352728,1.0986122886681098,0.003512147100973352
62,2021-04-04,West,38.5,67315.9,1,112.15,4.728714372079547,11.117166598521948,0.6931471805599453,0.0016660254115298172
63,2021-04-05,West,26.0,32664.85,2,120.73,4.801805477421505,10.394085468672094,1.0986122886681098,0.003696021870604029
64,2021-04-06,East,30.3,21513.1,3,,,9.976463813117245,1.3862943611198906,
65,2021-04-07,North,43.4,36431.5,3,60.93,4.1260047149499695,10.503216512407851,1.3862943611198906,0.0016724537831272388
66,2021-04-08,West,36.9,41772.34,5,181.53,5.206914543074693,10.640013615989451,1.791759469228055,0.00434569861300564
67,2021-04-09,South,27.5,,3,121.08,4.804676567536147,,1.3862943611198906,
68,2021-04-10,East,28.5,35482.62,4,168.77,5.134444579822542,10.476826460531168,1.6094379124341003,0.00475641313972869
69,2021-04-11,East,47.6,72240.07,0,119.32,4.79015486020153,11.187763999719824,0.0,0.0016517149000547754
70,2021-04-12,West,27.8,34602.87,4,123.67,4.825670246356884,10.451720804502086,1.6094379124341003,0.0035739810021538673
71,2021-04-13,West,49.1,42465.47,2,108.72,4.697931666069403,10.656470102358165,1.0986122886681098,0.0025601977324164783
72,2021-04-14,North,43.9,55763.11,4,126.49,4.8480379301500305,10.928885751469842,1.6094379124341003,0.0022683455065544227
73,2021-04-15,West,32.0,41037.12,3,,,10.622256669828527,1.3862943611198906,
74,2021-04-16,North,37.5,19450.91,2,115.2,4.755312844417811,9.875700544739376,1.0986122886681098,0.005922602078771636
75,2021-04-17,South,41.3,49635.37,3,157.31,5.064555136085686,10.812479110133792,1.3862943611198906,0.003169312528545672
76,2021-04-18,North,42.9,43325.83,5,198.75,5.297066584646384,10.676527352583864,1.791759469228055,0.004587332775852188
77,2021-04-19,East,42.0,32684.99,3,53.07,3.9902795033939134,10.394701824711575,1.3862943611198906,0.001623681084191857
78,2021-04-20,West,51.4,56634.26,2,142.68,4.96758860455389,10.944387038425019,1.0986122886681098,0.0025193231093687814
79,2021-04-21,North,47.4,55258.69,3,148.44,5.006894974480533,10.9197989886173,1.3862943611198906,0.0026862743217401642
80,2021-04-22,South,35.9,34160.27,0,115.84,4.76080547751954,10.43884782519737,0.0,0.0033910738995915433
81,2021-04-23,West,38.6,25771.65,2,42.94,3.7828250669564643,10.157069131110747,1.0986122886681098,0.0016661719369927806
82,2021-04-24,East,32.7,23329.75,5,164.02,5.106066678676197,10.057527511948393,1.791759469228055,0.007030508256625125
83,2021-04-25,East,35.8,37914.97,8,190.66,5.255722968915616,10.543127674349916,2.1972245773362196,0.005028620621353518
84,2021-04-26,East,40.6,33600.72,3,124.58,4.832943005685963,10.422332535117299,1.3862943611198906,0.0037076586454099793
85,2021-04-27,East,22.0,38428.66,2,90.93,4.521027417875663,10.556584836265003,1.0986122886681098,0.0023662027247372142
86,2021-04-28,East,40.8,17928.8,1,38.51,3.6765538044232993,9.794219412047285,0.6931471805599453,0.002147940743384945
87,2021-04-29,West,39.6,39891.87,6,160.34,5.083513939508828,10.593952890167936,1.9459101490553132,0.004019365349380713
88,2021-04-30,East,38.0,27466.4,2,71.33,4.28123898086119,10.220755125902167,1.0986122886681098,0.0025969912329245914
89,2021-05-01,East,29.6,35576.81,3,116.96,4.770345583947075,10.47947740789207,1.3862943611198906,0.003287534773353766
90,2021-05-02,South,35.4,77799.0,5,155.45,5.052736470114891,11.261896710166482,1.791759469228055,0.001998097661923675
91,2021-05-03,East,33.9,39743.11,2,69.77,4.259435182087693,10.590216933002687,1.0986122886681098,0.0017555244166850554
92,2021-05-04,West,39.5,53975.95,7,157.42,5.065249734036134,10.896312382567375,2.0794415416798357,0.002916484100789333
93,2021-05-05,North,22.0,44859.8,3,138.79,4.940141296483037,10.711319641174217,1.3862943611198906,0.0030938613190428844
94,2021-05-06,South,37.4,49760.01,6,179.95,5.198220750009751,10.814987024634723,1.9459101490553132,0.0036163577941403144
95,2021-05-07,East,43.8,41888.61,4,135.75,4.91815444130209,10.642793103799866,1.6094379124341003,0.0032407377566359926
96,2021-05-08,West,32.9,38414.1,5,102.73,4.6417913694437365,10.556205890448158,1.791759469228055,0.0026742784550464545
97,2021-05-09,East,32.4,55589.05,3,127.04,4.8523427151016625,10.925759507389456,1.3862943611198906,0.002285342167207391
98,2021-05-10,South,45.9,27214.24,1,71.39,4.28206816830505,10.211532389495593,0.6931471805599453,0.0026232589997001567
99,2021-05-11,East,61.1,33190.73,3,111.09,4.719302120033004,10.41005602748938,1.3862943611198906,0.0033470188814768457
100,2021-05-12,East,44.9,46656.64,4,177.2,5.182906515036709,10.750591965642185,1.6094379124341003,0.0037979588757355866
101,2021-05-13,East,45.3,42238.82,4,195.06,5.27842073483358,10.651118657007427,1.6094379124341003,0.004618026734648364
102,2021-05-14,West,40.4,74158.41,2,161.51,5.0907395383379175,11.213972244436784,1.0986122886681098,0.0021779053784998894
103,2021-05-15,West,46.2,40988.44,1,195.96,5.283000662436144,10.62106975153631,0.6931471805599453,0.004780860164475642
104,2021-05-16,North,44.7,39500.29,1,74.8,4.328098292648326,10.584088608583793,0.6931471805599453,0.0018936569832778442
105,2021-05-17,South,32.5,44630.98,0,127.83,4.858493705803434,10.706205921416284,0.0,0.002864154002444042
106,2021-05-18,North,43.0,25637.61,5,44.32,3.8137484361598055,10.151854697396587,1.791759469228055,0.0017287102814965982
107,2021-05-19,North,47.4,62994.83,4,116.02,4.76234486036009,11.050823812706794,1.6094379124341003,0.0018417384410752437
108,2021-05-20,East,34.3,36553.44,2,102.93,4.6437175956003305,10.50655793522832,1.0986122886681098,0.0028158772471209275
109,2021-05-21,East,43.0,48750.22,4,118.74,4.785322725497206,10.794485501753883,1.6094379124341003,0.0024356813158997025
110,2021-05-22,South,50.1,31451.16,4,136.89,4.92645626585365,10.356222940215345,1.6094379124341003,0.004352462675462526
111,2021-05-23,West,47.8,26689.72,2,64.11,4.176078147248771,10.192071218430367,1.0986122886681098,0.0024020484291330142
112,2021-05-24,North,39.8,39261.32,2,44.05,3.807772984054347,10.578020559309172,1.0986122886681098,0.001121969409077433
113,2021-05-25,West,56.5,37502.93,8,249.43,5.523179440356211,10.532201006467366,2.1972245773362196,0.006650947006007264
114,2021-05-26,South,48.3,47198.76,1,84.73,4.451202822690664,10.762144086814956,0.6931471805599453,0.0017951742800022712
115,2021-05-27,North,38.0,34414.02,2,90.64,4.517867857585295,10.446248375974239,1.0986122886681098,0.0026338102901085083
116,2021-05-28,North,24.2,84595.94,3,151.29,5.0257865978636,11.34565337472739,1.3862943611198906,0.0017883836978464923
117,2021-05-29,East,37.4,41943.25,3,127.94,4.859347179882474,10.644096634562663,1.3862943611198906,0.0030503120287531365
118,2021-05-30,West,41.1,28477.11,4,123.71,4.825991041932656,10.256891000964282,1.6094379124341003,0.004344190825543743
119,2021-05-31,East,37.0,39435.01,1,50.63,3.9441028988915576,10.582434637270314,0.6931471805599453,0.0012838845482732223
120,2021-06-01,North,40.2,60864.07,1,68.85,4.246350085702971,11.016414725929291,0.6931471805599453,0.0011312092668137375
121,2021-06-02,East,53.1,41997.62,4,137.63,4.931808513550284,10.645392039582841,1.6094379124341003,0.0032770904636977047
122,2021-06-03,West,46.6,29954.19,5,96.28,4.577593418217857,10.307457877345515,1.791759469228055,0.0032142414800734056
123,2021-06-04,North,50.8,34309.14,4,86.73,4.474263916140292,10.44319621628719,1.6094379124341003,0.0025278978138187085
124,2021-06-05,South,29.0,50462.1,2,111.75,4.725172978382788,10.82899765510785,1.0986122886681098,0.0022145332833948647
125,2021-06-06,East,40.1,62508.88,1,117.64,4.776093697829677,11.043079903231167,0.6931471805599453,0.0018819726093316663
126,2021-06-07,West,50.7,31939.71,4,152.68,5.034872518460301,10.371636650701651,1.6094379124341003,0.004780256301638306
127,2021-06-08,West,33.4,61582.62,4,180.86,5.203237160297767,11.02815120507061,1.6094379124341003,0.0029368675772482563
128,2021-06-09,West,55.5,32021.53,3,174.65,5.168493378711836,10.374194996546136,1.3862943611198906,0.005454142884490529
129,2021-06-10,West,29.8,73923.8,3,137.0,4.927253685157205,11.21080363927231,1.3862943611198906,0.0018532597079695579
130,2021-06-11,East,34.7,37251.71,3,61.43,4.134045929073653,10.525479972839284,1.3862943611198906,0.0016490518153394838
131,2021-06-12,North,52.1,27529.46,1,0.54,0.43178241642553783,10.223048307041736,0.6931471805599453,1.9615350246608545e-05
132,2021-06-13,North,22.5,36854.06,3,49.2,3.9160150266976834,10.514748201623691,1.3862943611198906,0.0013349953844976647
133,2021-06-14,West,46.4,39518.41,2,77.25,4.359908829420263,10.584547222600566,1.0986122886681098,0.0019547851241990756
134,2021-06-15,South,29.8,,4,118.81,4.785907154651808,,1.6094379124341003,
135,2021-06-16,East,30.6,55069.11,4,99.16,4.606768907351788,10.916362379712313,1.6094379124341003,0.001800646496738371
136,2021-06-17,West,40.2,47559.89,1,114.71,4.7510870608882465,10.769766063834002,0.6931471805599453,0.0024119063353594803
137,2021-06-18,West,39.4,29817.3,2,99.05,4.605670061029742,10.30287757797469,1.0986122886681098,0.0033218970195155162
138,2021-06-19,West,44.3,,2,44.0,3.8066624897703196,,1.0986122886681098,
139,2021-06-20,East,38.6,35889.06,5,84.12,4.444062025593334,10.488215655915123,1.791759469228055,0.0023438897535906487
140,2021-06-21,North,37.4,41391.42,2,135.99,4.919907930463299,10.63085305126262,1.0986122886681098,0.003285463509104061
141,2021-06-22,North,30.4,35557.35,3,69.53,4.256038151220088,10.478930288101363,1.3862943611198906,0.001955432561762899
142,2021-06-23,South,42.1,31781.77,0,30.59,3.4528406148139936,10.366679598029284,0.0,0.0009625014591698322
143,2021-06-24,West,22.0,87052.4,0,79.93,4.393584583507611,11.374277002446227,0.0,0.0009181826118521719
144,2021-06-25,North,45.0,35956.84,0,57.57,4.070222620101691,10.490102420040655,0.0,0.0016010861911113436
145,2021-06-26,West,41.5,23128.37,4,45.83,3.8465240231954505,10.048858517500456,1.6094379124341003,0.0019815490672278244
146,2021-06-27,West,50.8,35082.41,2,112.36,4.730568595382425,10.46548364814729,1.0986122886681098,0.0032027446233026747
147,2021-06-28,North,51.1,56256.16,3,178.28,5.188948829492672,10.937688600855012,1.3862943611198906,0.003169075173278802
148,2021-06-29,West,28.4,46120.29,3,62.31,4.148043294556035,10.739029944503537,1.3862943611198906,0.001351032268010457
149,2021-06-30,North,44.6,30866.92,4,157.83,5.067834447847064,10.33747273589343,1.6094379124341003,0.00511324097124041
150,2021-07-01,South,33.5,54406.19,1,111.96,4.727033773744932,10.904251593228112,0.6931471805599453,0.0020578540787362615
151,2021-07-02,North,35.8,78180.88,2,159.23,5.076610283019789,11.266793186128682,1.0986122886681098,0.0020366872309444456
152,2021-07-03,West,46.1,,3,148.32,5.006091654046383,,1.3862943611198906,
153,2021-07-04,East,43.5,40040.22,3,95.15,4.565909472034789,10.59766470249544,1.3862943611198906,0.0023763605694474207
154,2021-07-05,South,43.5,49818.3,4,96.19,4.576667825515379,10.816157738135365,1.6094379124341003,0.0019308165874788981
155,2021-07-06,South,39.3,57863.6,20,136.87,4.9263112121835375,10.965861077616793,3.044522437723423,0.002365390331745692
156,2021-07-07,East,41.4,43912.51,5,116.26,4.764393691536069,10.689977296594238,1.791759469228055,0.0026475371141390005
157,2021-07-08,East,30.9,53308.27,2,134.47,4.908750213592645,10.883865516232147,1.0986122886681098,0.0025224979163645717
158,2021-07-09,East,34.8,28731.93,2,82.64,4.426521874560433,10.265799130762183,1.0986122886681098,0.002876242563586922
159,2021-07-10,West,44.7,62816.06,3,118.15,4.780383203544751,11.047981971615421,1.3862943611198906,0.0018808884224830404
